     16    106    17    34
     16    106    17    34
     61    106    17    34
     105    106    17    34
     152    106    17    34


    14    278    20    33
    61    278    20    33
   103    278    22    33
   150    278    22    33
   190    278    25    33
   235    279    24    31
   282    278    24    32
   329    278    19    33
   418    279    20    32
   464    279    21    32
   509    278    23    33
   551    278    24    33


  10   447    27    32
  55   442    28    32
  100  438    28    32
  144  439    27    32
  190  443    27    33
  462  450    24    32

