   16     1313    45    64
   73     1313    45    64
   134    1313    45    64
   196    1313    45    64
   254    1313    45    64


   16     1313    45    64
   73     1313    45    64
   134    1313    45    64
   196    1313    45    64
   254    1313    45    64
   16     1313    45    64
   73     1313    45    64
   134    1313    45    64
   196    1313    45    64
   254    1313    45    64

    67   216    38    45
   114   216    38    45
   162   216    38    45
   210   216    38    45
   256   216    38    45
   306   216    38    45
   353   216    38    45

    19   236    38    32
   404   236    38    32
