   16     1313    45    64
   73     1313    45    64
   134    1313    45    64
   196    1313    45    64
   254    1313    45    64


    13   113    41    39
    63   113    40    39
   115   113    37    39
   165   113    38    39
   217   113    39    39
   269   113    41    39
   321   113    40    39
   372   113    38    39
   423   113    37    39
   477   113    39    39

    67   216    38    45
   114   216    38    45
   162   216    38    45
   210   216    38    45
   256   216    38    45
   306   216    38    45
   353   216    38    45

    19   236    38    32
   404   236    38    32
